0.6072 -0.7932 0.0477 -1.4848
-0.0908 -0.0097 0.9958 0.0947
-0.7894 -0.6089 -0.0779 0.8305

0.7215 -0.6914 0.0364 -1.3032
-0.0887 -0.0403 0.9952 0.0769
-0.6867 -0.7213 -0.0904 0.5747

0.7921 -0.6080 0.0542 -1.1208
-0.0784 -0.0132 0.9968 0.0668
-0.6054 -0.7938 -0.0581 0.3640

0.8930 -0.4496 0.0208 -0.8635
-0.0407 -0.0348 0.9986 0.0221
-0.4482 -0.8926 -0.0494 0.1517

0.9591 -0.2827 0.0163 -0.5631
-0.0174 -0.0013 0.9998 0.0127
-0.2827 -0.9592 -0.0062 -0.0187

0.9959 -0.0895 0.0123 -0.2214
-0.0123 0.0003 0.9999 0.0138
-0.0895 -0.9960 -0.0008 -0.1293

0.9966 0.0827 0.0018 0.1151
-0.0030 0.0133 0.9999 0.0190
0.0827 -0.9965 0.0135 -0.1661

0.9615 0.2745 -0.0104 0.4620
0.0030 0.0274 0.9996 0.0273
0.2747 -0.9612 0.0255 -0.1485

0.8457 0.5335 -0.0128 0.8505
0.0015 0.0216 0.9998 0.0304
0.5337 -0.8455 0.0174 0.0435

0.7286 0.6848 -0.0151 1.1049
0.0118 0.0096 0.9999 0.0334
0.6849 -0.7287 -0.0011 0.2115

0.5667 0.8238 -0.0154 1.3196
0.0270 0.0001 0.9996 0.0376
0.8235 -0.5669 -0.0222 0.4196